1 0.06074652777777778 0.3166435185185185 0.12149305555555556 0.17608796296296295
1 0.3113194444444444 0.14427662037037037 0.36944444444444435 0.15899305555555557
1 0.30005208333333333 0.2973321759259259 0.3633333333333334 0.16037037037037036
1 0.6568402777777778 0.13170138888888888 0.3508333333333333 0.15999999999999998
1 0.6475694444444444 0.28859375 0.35111111111111093 0.16312499999999996
1 0.6645833333333333 0.7283333333333333 0.26340277777777776 0.26337962962962963
1 0.4140798611111111 0.45212962962962966 0.34614583333333326 0.15986111111111115
1 0.9056770833333333 0.28640046296296295 0.14006944444444436 0.1381712962962963
1 0.9139409722222223 0.12330439814814816 0.15368055555555565 0.15104166666666666
1 0.6635763888888888 0.03254050925925926 0.35538194444444465 0.06508101851851852
1 0.8676388888888888 0.7230960648148148 0.1382638888888888 0.1178587962962963
1 0.24767361111111114 0.17655092592592592 0.15465277777777775 0.09185185185185185
1 0.6795659722222223 0.4808854166666666 0.20340277777777782 0.21952546296296305
1 0.8774131944444445 0.4991782407407408 0.16437499999999972 0.2713541666666668
1 0.05950520833333334 0.24945601851851854 0.11901041666666667 0.03844907407407412
1 0.8543576388888889 0.863744212962963 0.13874999999999993 0.08826388888888878
1 0.42295138888888884 0.37862268518518516 0.3662847222222222 0.035787037037037006
1 0.6641493055555555 0.6543229166666666 0.18590277777777775 0.09277777777777771
1 0.849253472222222 0.9386979166666667 0.13368055555555572 0.06629629629629648
1 0.0038975694444444444 0.32685763888888886 0.007795138888888889 0.11030092592592596
1 0.5851736111111111 0.48212384259259256 0.06743055555555558 0.23263888888888892