1 0.07817708333333334 0.31875 0.14600694444444445 0.171875
1 0.3284201388888889 0.15390625 0.35954861111111114 0.1484375
1 0.33416666666666667 0.30703125 0.35333333333333333 0.15
1 0.6736805555555556 0.1515625 0.34083333333333315 0.15
1 0.681857638888889 0.30859375 0.34090277777777767 0.153125
1 0.7479166666666667 0.75 0.24631944444444454 0.25625
1 0.4658159722222222 0.465625 0.3361458333333333 0.15
1 0.9375086805555555 0.3140625 0.12498263888888914 0.134375
1 0.929375 0.15078125 0.14125000000000015 0.146875
1 0.6680902777777777 0.040625 0.35017361111111106 0.078125
1 0.9428559027777779 0.75078125 0.11428819444444435 0.115625
1 0.2681597222222222 0.184375 0.1488194444444444 0.0875
1 0.7353819444444444 0.50234375 0.1891319444444445 0.2140625
1 0.931328125 0.5265625 0.13734375000000015 0.265625
1 0.07668402777777777 0.2515625 0.1382638888888889 0.034375
1 0.9434201388888889 0.89140625 0.11315972222222222 0.084375
1 0.46652777777777776 0.3921875 0.3646180555555555 0.025
1 0.7392361111111111 0.67578125 0.18006944444444456 0.0875
1 0.9459375 0.96640625 0.10812500000000007 0.0625
1 0.023680555555555555 0.32734375 0.03368055555555556 0.109375
1 0.6408159722222222 0.50078125 0.052013888888888894 0.23125