1 0.31875 0.07109375 0.171875 0.1421875
1 0.15390625 0.325 0.1484375 0.35703125
1 0.30703125 0.32734375 0.15 0.35078125
1 0.1515625 0.6703125 0.15078125 0.3375
1 0.30859375 0.675 0.153125 0.33671875
1 0.75 0.73125 0.25625 0.240625
1 0.465625 0.45546875 0.14921875 0.3328125
1 0.3140625 0.93359375 0.13359375 0.12734375
1 0.15078125 0.92734375 0.14609375 0.14140625
1 0.040625 0.6671875 0.078125 0.3484375
1 0.75078125 0.934375 0.11484375 0.12734375
1 0.184375 0.2640625 0.08828125 0.14765625
1 0.50234375 0.72421875 0.2140625 0.18359375
1 0.5265625 0.92421875 0.26640625 0.140625
1 0.2515625 0.07109375 0.03515625 0.13828125
1 0.89140625 0.93359375 0.084375 0.13203125
1 0.3921875 0.4578125 0.02421875 0.3640625
1 0.67578125 0.72421875 0.08671875 0.17890625
1 0.96640625 0.93515625 0.0625 0.12890625
1 0.32734375 0.01640625 0.109375 0.03203125
1 0.50078125 0.6296875 0.23046875 0.046875