7 0.821875 0.06945023148148148 0.35625 0.13890046296296296
7 0.8591261574074075 0.2342013888888889 0.23696759259259254 0.17847222222222223
7 0.765 0.4715162037037038 0.4699999999999999 0.297662037037037
7 0.8110850694444445 0.8342071759259259 0.37782986111111116 0.2868981481481484
7 0.4692013888888889 0.8674594907407407 0.2994212962962964 0.1762731481481481
7 0.5961805555555555 0.6827256944444444 0.2400462962962962 0.17539351851851848
7 0.42012731481481486 0.5087326388888889 0.22302083333333336 0.186076388888889
7 0.25207754629629625 0.7167361111111111 0.4761111111111111 0.29292824074074064
7 0.1896469907407407 0.9333333333333332 0.30971064814814814 0.1326851851851849
7 0.18726273148148148 0.4559201388888889 0.2938425925925926 0.2214930555555556
7 0.14880787037037038 0.23378472222222219 0.2928935185185185 0.1574305555555556
7 0.1400347222222222 0.06559027777777778 0.27069444444444446 0.13118055555555555
7 0.46619212962962964 0.0358912037037037 0.28707175925925926 0.0717824074074074
7 0.5343634259259259 0.20228587962962963 0.4069907407407408 0.26690972222222226