7 0.07421875 0.178125 0.1484375 0.35625
7 0.246875 0.14453125 0.17578125 0.23515625
7 0.4828125 0.2375 0.290625 0.475
7 0.84609375 0.19765625 0.28125 0.38046875
7 0.87421875 0.54375 0.171875 0.296875
7 0.69140625 0.4140625 0.17109375 0.23828125
7 0.51484375 0.5875 0.1828125 0.2203125
7 0.7203125 0.75859375 0.2859375 0.471875
7 0.9359375 0.82421875 0.128125 0.3078125
7 0.45859375 0.81953125 0.2171875 0.29140625
7 0.2359375 0.8546875 0.153125 0.290625
7 0.065625 0.8609375 0.13125 0.26796875
7 0.03828125 0.534375 0.0765625 0.2859375
7 0.21015625 0.46875 0.2609375 0.40234375