7 0.8169270833333334 0.06468171296296296 0.3661458333333332 0.12936342592592592
7 0.8390104166666668 0.22152777777777777 0.24604166666666671 0.18194444444444446
7 0.7303124999999999 0.46021990740740737 0.4943750000000001 0.3046990740740741
7 0.7459374999999999 0.8223206018518517 0.4 0.292546296296296
7 0.39796875 0.8607002314814816 0.3083333333333334 0.1806712962962962
7 0.53984375 0.674045138888889 0.2489583333333334 0.17891203703703695
7 0.37817708333333333 0.5026215277777778 0.2325 0.18934027777777765
7 0.21942708333333333 0.7131597222222222 0.43885416666666666 0.2999189814814816
7 0.13578125000000002 0.9307291666666668 0.27156250000000004 0.13724537037037052
7 0.15122395833333332 0.4532465277777778 0.30244791666666665 0.22579861111111105
7 0.13999999999999999 0.23163194444444443 0.27999999999999997 0.16173611111111114
7 0.13671875 0.06555555555555556 0.2734375 0.13111111111111112
7 0.46307291666666667 0.0335011574074074 0.29104166666666664 0.0670023148148148
7 0.5172395833333334 0.19441550925925927 0.42052083333333334 0.27288194444444447